# This is a calibration file for the diode laser. eventually this should probably be replaced with a csv

m = 0.8321457955304927 
b = -135.00283593045108 

date = 2023-02-02


