# This is a calibration file for the diode laser. eventually this should probably be replaced with a csv
m = 0.4860399326291919 
b = -76.81978477533116 
date = 2022-02-23
