# This is a calibration file for the diode laser. eventually this should probably be replaced with a csv
m = 1.1552444140460274 
b = -186.91305174297332 
date = 2022-09-29


