# This is a calibration file for the diode laser. eventually this should probably be replaced with a csv
m = 0.8330709682241317 
b = -134.90253716031145 
date = 2022-06-05

