# This is a calibration file for the diode laser. eventually this should probably be replaced with a csv
m = 1.1616140883906194 
b = -188.78926430652507 
date = 2022-09-29


