<TYPE>=TEMPERATURE
SEGMENT=90.00,2500,60.000000,130.00
SEGMENT=130.00,3334,30.000000,130.00
