# This is a calibration file for the diode laser. eventually this should probably be replaced with a csv

m = 0.8413750250527112 
b = -136.03725530030434 

date = 2022-12-14


