# This is a calibration file for the diode laser. eventually this should probably be replaced with a csv

m = 1.05128086353437 
b = -170.3337497188083 

date = 2023-05-12




